RETA NO INFINITO DO PISO COM VASO E PLANTA (cat610511.jpg)

Pontos: (150, 165), (230, 239), (319, 175), (237, 115)
	
(((150 165 1)x(230 239 1))x((319 175 1)x(237 115 1)))x(((150 165 1)x(237 115 1))x((230 239 1)x(319 175 1)))
= ((-74, 80, -2100)x(60, -82, -4790))x((50, 87, -21855)x(-64, -89, 35991))
= ((-37, 40, -1050)x(30, -41, -2395))x((50, 87, -21855)x(-64, -89, 35991))
= (-138850, -120115, 317)x(1186122, -400830, 1118)
= (-138850, -120115, 317)x(593061, -200415, 559)
= (-3612730, 265617487, 99063144765)

Reta:
-3612730
265617487
99063144765

Pontos:
150
165
230
239
319
175
237
115